 RESULT:
 X:
  0.000320
  0.800064
  0.320013
  0.096003
  0.025601


 RESULT:
 L:
  2.000000
  2.000000
  2.000000
  2.000000
  2.000000


 RESULT:
 U:
  2.000000
  2.000000
  2.000000
  2.000000
  2.000000


 RESULT:
 D:
  5.000000
  5.000000
  5.000000
  5.000000
  5.000000


 A:
  5.000000  2.000000  0.000000  0.000000  0.000000
  2.000000  5.000000  2.000000  0.000000  0.000000
  0.000000  2.000000  5.000000  2.000000  0.000000
  0.000000  0.000000  2.000000  5.000000  2.000000
  0.000000  0.000000  0.000000  2.000000  5.000000


