 RESULT:
 A:
  5.000000  2.000000  0.000000  0.000000  0.000000
  2.000000  5.000000  2.000000  0.000000  0.000000
  0.000000  2.000000  5.000000  2.000000  0.000000
  0.000000  0.000000  2.000000  5.000000  2.000000
  0.000000  0.000000  0.000000  2.000000  5.000000


 B:
  1.000000
  1.000000
  1.000000
  1.000000
  1.000000


 A after TRIU call:
  5.000000  2.000000  0.000000  0.000000  0.000000
  0.000000  4.200000  2.000000  0.000000  0.000000
  0.000000  0.000000  4.047619  2.000000  0.000000
  0.000000  0.000000  0.000000  4.011765  2.000000
  0.000000  0.000000  0.000000  0.000000  4.002933


 X Values:
  0.169231  0.076923  0.138462  0.076923  0.169231

 Matrix for the PLU:
  5.000000  2.000000  0.000000  0.000000  0.000000
  0.400000  4.200000  2.000000  0.000000  0.000000
  0.000000  0.476190  4.047619  2.000000  0.000000
  0.000000  0.000000  0.494118  4.011765  2.000000
  0.000000  0.000000  0.000000  0.498534  4.002933


 X Values from PLU:
  0.169231  0.076923  0.138462  0.076923  0.169231

 Matrix for the FPLU:
  5.000000  2.000000  0.000000  0.000000  0.000000
  0.400000  4.200000  2.000000  0.000000  0.000000
  0.000000  0.476190  4.047619  2.000000  0.000000
  0.000000  0.000000  0.494118  4.011765  2.000000
  0.000000  0.000000  0.000000  0.498534  4.002933


 X Values from FPLU:
  0.169231  0.076923  0.138462  0.076923  0.169231

