 RESULT:
 A:
  4.000000  1.000000  2.000000 -3.000000  5.000000
 -3.000000  3.000000 -1.000000  4.000000 -2.000000
 -1.000000  2.000000  5.000000  1.000000  3.000000
  5.000000  4.000000  3.000000 -1.000000  2.000000
  1.000000 -2.000000  3.000000 -4.000000  5.000000


 B:
 16.000000
 20.000000
 -4.000000
-10.000000
  3.000000


 A after TRIU call:
  4.000000  1.000000  2.000000 -3.000000  5.000000
  0.000000  3.750000  0.500000  1.750000  1.750000
  0.000000  0.000000  5.200000 -0.800000  3.200000
  0.000000  0.000000  0.000000  1.487179 -5.615385
  0.000000  0.000000  0.000000  0.000000 -3.603448


 X Values:
 -4.100478  5.095694 -9.502392  0.511962  9.569378

 Matrix for the PLU:
  5.000000  4.000000  3.000000 -1.000000  2.000000
 -0.600000  5.400000  0.800000  3.400000 -0.800000
 -0.200000  0.518519  5.185185 -0.962963  3.814815
  0.800000 -0.407407 -0.014286 -1.514286  2.114286
  0.200000 -0.518519  0.542857  0.547170  1.971698


 X Values from PLU:
 -4.100478  5.095694 -9.502392  0.511962  9.569378

 Matrix for the FPLU:
  5.000000  4.000000  3.000000  2.000000 -1.000000
 -0.600000  5.400000  0.800000 -0.800000  3.400000
 -0.200000  0.518519  5.185185  3.814815 -0.962963
  0.800000 -0.407407 -0.014286  2.114286 -1.514286
  0.200000 -0.518519  0.542857  1.479730  1.412162


 X Values from FPLU:
 -4.100478  5.095694 -9.502392  9.569378  0.511962

