 RESULT:
 A:
  1.000000  2.000000  3.000000  4.000000  5.000000
  2.000000  6.000000  7.000000  8.000000  9.000000
  3.000000  7.000000  0.000000  1.000000  2.000000
  4.000000  8.000000  1.000000 10.000000  1.000000
  5.000000  9.000000  2.000000  1.000000  5.000000
 ------------------------

 V:
  0.462516
  1.000000
  0.458367
  0.832669
  0.716117
 --------------------------
 Largest Eigenvalue: 
 23.240009


 Smallest Eig Vector:
  0.226723
  0.490194
  0.224689
  0.408169
  0.351036
 --------------------------
 Eigenvalue: 
 23.240010
